"x"	"y"	"var1.pred"	"var1.var"
-110.4174	37.0333	2.25720467459657	0.106933113953992
-110.334	37.0333	2.44445759550721	0.129394046073295
-110.2507	37.0167	NA	NA
-109.3907	37.0272	1.40603986272923	0.119394957414867
-110.321	37.0181	2.58576423004724	0.0912628389308718
-110.4615	37.0125	3.0336351642253	0.0224854743078203
-110.3213	37.0189	2.52717828267249	0.0930969227718699
-110.3557	37.0072	2.24703023471041	0.0703448632207779
-110.4227	37.0325	2.39096278974285	0.100713369725378
-110.2613	37.0186	NA	NA
-110.3154	37.0056	NA	NA
-110.2579	37.0169	NA	NA
-110.4179	37.0244	2.63231695914399	0.0915761745267531
-110.244	37.0194	2.87296603534952	0.0134093747919829
-110.2157	37.0147	NA	NA
-110.2327	37.0211	NA	NA
-109.3813	37.0272	1.29426085533714	0.118118328933699
-108.2944	35.7331	1.61511837951812	0.0259701367343746
-108.26	35.6744	4.1091214691915	0.0251426230674973
-108.2236	35.7028	2.12425854238778	0.0389066185866262
-109.3883	36.7028	1.85505261792218	0.0283270205758054
-109.275	36.7444	NA	NA
-109.2892	36.7067	1.78227727455193	0.0240437768695119
-109.3328	36.6608	NA	NA
-109.2772	36.6481	NA	NA
-109.2772	36.6444	NA	NA
-109.0808	36.8036	1.45954854575036	0.00167385882648263
-109.2669	36.6058	2.22295465769954	0.0333631940264102
-109.1181	36.87	NA	NA
-109.1331	36.8456	1.79950380227608	0.013095258785136
-109.1017	36.8489	2.26959041350533	0.00318624165322611
-109.0928	36.8489	NA	NA
-109.0969	36.8414	NA	NA
-109.0433	36.8472	NA	NA
-109.0533	36.5633	NA	NA
-109.0508	36.5494	NA	NA
-109.1525	36.7436	NA	NA
-109.2817	36.8792	2.38257575428871	0.0258420141662015
-109.08	36.815	NA	NA
-109.3258	36.6697	NA	NA
-109.1861	36.7844	NA	NA
-109.2728	36.5983	2.36007023766257	0.028375008482578
-110.3311	35.0481	2.41924379324599	0.0305534035310203
-111.2881	35.7536	3.34683864089501	0.0271886143958475
-111.375	36.0233	4.04204298353599	0.0025259472673899
-111.3867	35.8214	3.3101214763896	0.0287079461895238
-110.1125	36.9553	1.67869992577179	0.0331432231288821
-109.2156	36.8225	1.57654276433137	0.0333455052380352
-109.2778	36.7944	NA	NA
-111.0753	35.7858	2.35875358963698	0.03265657342083
-110.4164	36.8764	NA	NA
-109.2594	36.8917	3.40591992311046	0.00312086823719676
-109.2625	36.9075	2.95753341680065	0.0320741953516549
-109.2719	36.8836	2.610674616573	0.0177528236688604
-109.2636	36.8853	2.64674944904481	0.0137477319827386
-109.2572	36.5128	2.80980815301357	0.0315371171912273
-110.3706	36.9653	1.62023384775619	0.0292175936281937
-109.4775	36.9269	2.69831423959393	0.0184963526553457
-109.2858	36.915	2.5638987664967	0.032907544368328
-109.2539	36.9369	2.42065116813763	0.00632468353163013
-109.4344	36.8603	2.12589387536078	0.0262441186276755
-109.2972	36.9011	2.46824334812155	0.0226092849185514
-109.3072	36.9081	2.26851649627822	0.0238480272472501
-110.4486	36.9931	2.44817061014669	0.0303132299515509
-109.2247	36.4672	2.4076649548566	0.0291799099498101
-109.2139	36.4672	2.44186301006141	0.0290021519833284
-109.2833	36.8	NA	NA
-109.2158	36.7967	1.34889209692783	0.0178004744702835
-109.4694	36.885	2.2793591884029	0.012350428781433
-109.3172	36.9694	2.09589663788831	0.00257018691083448
-109.3539	36.9058	2.09163971664197	0.0299553220407564
-109.8992	36.8992	1.41549054616276	0.0188010804143411
-109.8883	36.9086	3.2506440218805	0.0332809747771846
-109.8422	36.9892	0.577188409667934	0.0308029152133585
-109.8539	36.98	0.853587556690138	0.00752070894563988
-109.8647	36.9622	3.01054307403314	0.0286575624135449
-111.4092	35.9031	3.76080735395758	0.0193703814122056
-111.3981	35.8758	4.36702527117881	0.0343625210165524
-111.3422	35.7658	3.19514643395589	0.000645680061013073
-109.2881	36.6408	NA	NA
-109.4589	36.9372	2.44177994250729	0.0076353935633166
-109.2889	36.9008	2.60621045227532	0.0228220287611821
-109.9197	36.2594	NA	NA
-109.8297	36.3594	3.73084933198127	0.0201930075279188
-109.8461	36.3861	2.71788445376131	0.0327860207734733
-109.8481	36.2869	3.03838016970618	0.0174358391803317
-109.8364	36.2922	3.06222988586067	0.0270623361929587
-109.9106	36.4608	2.71459000184213	0.014873232641863
-109.9358	36.4628	2.31530662502298	0.0190075302316176
-109.8389	36.2214	3.27815903460735	0.0308392037128649
-109.8158	36.2328	3.300408421738	0.0113740468676474
-109.8417	36.2072	3.43259666512015	0.0290347152649685
-109.8569	36.1975	2.9545975838556	0.0114062855320642
-109.8567	36.2131	3.31953487971687	0.0335085957278374
-109.8633	36.2047	3.29732113154835	0.0258916288574752
-109.8503	36.2594	3.11733743876249	0.0332492942781419
-109.9964	36.2419	NA	NA
-109.8783	36.2464	3.67185215269745	0.0223892306050119
-109.799	35.0039	3.02004544650509	0.0275961908946238
-109.5771	36.1694	2.41697616467727	0.033307892742816
-109.5034	36.0964	NA	NA
-109.3515	35.9683	2.68559927851029	0.0193683685459994
-109.4459	35.8453	2.24938620456852	0.007073750683981
-109.2684	35.9178	2.86422249294706	0.0270447309926232
-109.4134	36.7247	NA	NA
-109.9979	36.6869	0.971166718816882	0.0220647244525527
-109.2868	36.6986	1.89119686549532	0.0331936500486195
-109.0559	36.76	NA	NA
-109.484	36.1806	3.1155633577846	0.0252644154253906
-109.102	36.8381	2.33283765954789	0.0162879897014615
-109.884	36.9333	13.2563299935003	0.013050236400314
-109.2937	36.5922	2.38707988619329	0.0183611457882124
-109.2457	36.4953	1.91864666952023	0.00391775779883126
-109.4673	36.9167	2.26209373146853	0.0327435851281634
-109.0743	36.8042	NA	NA
-109.2259	36.5019	2.08668629233846	0.0135247726387325
-109.2543	36.4989	2.69107041058548	0.00605917747684303
-109.2479	36.4925	2.43081970190198	0.0111369594718893
-109.2646	36.9667	1.89014201253033	0.026592265520521
-109.8757	36.9792	0.474117976697602	0.00632920229083981
-109.2348	36.4797	2.30263459305586	0.032015496335482
-109.0718	36.7494	2.50861127186006	0.0204583308984139
-109.2468	36.5419	5.42563518247397	0.00254714382360979
-109.2557	36.5467	3.51769200825599	0.0144213456816243
-109.8687	36.9364	3.49367232046912	0.0056804684477044
-109.2257	36.4822	2.2500904076097	0.0296809112613148
-109.2768	36.6361	NA	NA
-109.332	36.6297	NA	NA
-109.8915	36.2456	4.50250189235491	0.0205812206249701
-109.259	36.4944	2.94848521230294	0.00631692289540938
-109.254	36.5611	3.0727465509973	0.0336192872983369
-109.267	36.5342	2.19406753739576	0.0171456392633056
-109.3048	36.5419	1.93581657177516	0.0038931649830895
-109.2307	36.5133	2.35761548812232	0.0318942630540511
-109.3312	36.8292	2.41382559328322	0.00605200520263761
-109.2798	36.5144	2.60485694527111	0.0327741106792565
-109.8651	36.9228	5.10181555246812	0.0319588081043688
-109.2334	36.4842	2.26562920298076	0.0272109263666981
-109.3343	36.5833	2.29255895768115	0.00275781579124124
-109.2493	36.4789	2.39120465784857	0.0325937215051217
-109.2701	36.8967	2.76039824798451	0.0152733701533116
-109.2193	36.5228	2.455705392998	0.0328336217879283
-109.2151	36.5119	2.34678819196663	0.0306194735146371
-109.2229	36.5147	2.30329516604646	0.032886216709995
-109.2257	36.5103	2.22672556639965	0.0287704907595586
-109.2479	36.515	2.80401955451537	0.0331402864692672
-109.2359	36.5067	2.39405354424932	0.0233525956719163
-109.2348	36.5203	2.54759012571675	0.0339786330241206
-109.2412	36.5136	2.61161073016271	0.0321644852739973
-109.2382	36.5247	2.72831775544613	0.0315213545116374
-109.2429	36.5167	2.73691438763663	0.0338772254443749
-109.2484	36.515	2.81367425296385	0.0331422746020484
-109.2551	36.5161	2.87172858419094	0.033712016812034
-109.2518	36.5169	2.8984052143604	0.0339832214406485
-109.2562	36.5178	2.88340727282305	0.034202927039612
-109.2495	36.5214	3.05350090061457	0.0337552855786041
-109.2448	36.5258	3.1592387135515	0.0305421827260826
-109.2476	36.5231	3.11680899920229	0.0328595672609289
-109.2573	36.5233	2.96909115045247	0.0328035287982985
-109.2695	36.5253	2.40222813870343	0.0311011153239342
-109.2657	36.5386	2.12299278949486	0.0067437079037221
-109.2568	36.5403	2.60511497156543	0.00225685163662985
-109.2668	36.5433	1.89294683629738	0.00613208937477861
-109.3193	36.5422	1.02699625203198	0.00450219051728894
-109.3015	36.5347	3.33525891836334	0.0145991548289186
-109.2771	36.8931	2.82317302311875	0.0062956672910848
-109.1298	36.875	NA	NA
-109.2734	36.7408	NA	NA
-109.2429	36.5178	2.76615425748227	0.0341350421987939
-109.059	36.7431	2.47081730544807	0.0302984704371706
-109.2701	36.5008	2.30233616952739	0.0111011232830862
-109.2584	36.6692	NA	NA
-109.2507	36.6669	NA	NA
-109.1676	36.75	NA	NA
-109.4173	36.65	1.84887753730719	0.0332180016930832
-109.9173	36.4167	3.48816096885577	0.0146367815413243
-109.2709	36.5081	2.55523408739244	0.0258000469953622
-109.9701	36.3111	NA	NA
-109.3532	35.7889	2.59140424615947	0.0237901253071414
-109.9015	36.4133	2.98992042726256	0.00631828069386674
-109.9115	36.4644	2.74754431383162	0.0221878683964135
-109.979	36.2531	NA	NA
-109.0787	36.8739	NA	NA
-109.5062	36.1358	2.50013433175187	0.0256356281961154
-109.5715	36.1547	2.4787409099794	0.0134893813045409
-109.574	36.1806	2.25541914690618	0.0266963937877579
-109.3093	36.0797	1.9786528978765	0.0226463817007982
-109.369	35.9597	3.15920114723475	0.0333325409383345
-109.3468	35.9864	2.79167994271294	0.0202745714143631
-109.4437	35.875	3.09831913172584	0.0297724895839309
-109.4826	35.875	2.04563348615007	0.0292156407515424
-109.2998	35.9983	2.53917501067909	0.0311228487464962
-109.2929	36.5058	2.91559921521591	0.021973816711426
-109.3295	36.6669	2.62276475148054	0.00963132362759925
-109.3479	36.6742	NA	NA
-109.3284	36.6903	2.22251159935319	0.0118124093367111
-109.2837	36.7156	NA	NA
-109.414	36.7247	1.7157868523724	0.0202433823943695
-109.3101	36.7314	NA	NA
-109.3423	36.9167	2.33745227492123	0.0306948059127962
-109.4354	36.95	2.19022605819148	0.0311823184233161
-109.8248	36.9378	1.02853561901727	0.00230914773126836
-109.1593	36.7922	NA	NA
-109.916	36.9258	1.16560872455922	0.0269865447747364
-109.8929	36.9022	2.01477008694378	0.0247643870342814
-109.8409	36.9153	1.87620084161337	0.0364939870077756
-109.2662	36.5731	2.36624095040181	0.0260527163761298
-109.2737	36.5892	2.09374487457101	0.0116042166171404
-111.4563	35.8353	1.76714566361656	0.029117739798391
-111.4257	35.8792	3.56460839465	0.0317695690918357
-111.3757	35.8647	4.49503127297981	0.0305767409957872
-111.3649	35.7172	3.30909828899861	0.0141510451813121
-111.3701	35.8611	4.28332665515562	0.0255016132440179
-111.4174	35.925	3.36338840031367	0.0286721122737041
-111.3707	35.8139	2.60647239168712	0.0161227049784311
-111.296	35.6444	2.8645656260706	0.0251679880240736
-111.2871	35.6444	2.98478791871621	0.0252660081398776
-111.3285	35.9094	3.87130008183602	0.0140541934678727
-111.3107	36.8533	1.89063025513384	0.00323108749380011
-111.3013	35.6589	3.53826329209765	0.0330301434165684
-111.2771	35.6375	3.70201302092074	0.0106455539655947
-111.6202	36.8694	2.09683560753042	0.0331423576756317
-111.2776	35.6536	2.88480838714603	0.0348626566773003
-111.7704	36.6814	2.24684485432483	0.0115609337675847
-111.9768	36.0172	1.8769465248913	0.0184699991416158
-111.3288	35.7222	11.6068971495746	0.00146803882961424
-111.0376	35.7736	0.836054654669469	0.0191330925066219
-111.3507	35.8397	4.81512738832623	0.0233667411927251
-111.3251	35.7633	6.4289002434443	0.00420454698545308
-111.3054	35.72	5.07503442597263	0.00725981069813934
-111.3632	35.8069	2.91622278573965	0.00203282770138026
-111.3576	35.7811	4.16049758095409	0.0294846156196648
-111.4215	35.8989	5.48041378813006	0.0100323152420088
-111.3868	35.8472	4.41470077261227	0.00710864566331965
-111.4021	35.9042	4.19530512107064	0.0214736681075826
-111.3132	35.8172	4.31559832371853	0.0155628462989137
-111.304	35.9236	3.94841285496635	0.0267062444708277
-111.2879	35.7175	2.53987627324314	0.013470969011996
-111.7507	36.75	NA	NA
-111.3965	35.9392	2.84180804999685	0.00123877172098514
-111.3021	35.6528	3.31304707196206	0.0324510942906996
-111.3576	35.85	5.72501101988847	0.000544668664645164
-111.4021	35.9097	4.02613373111233	0.0296676161363029
-111.6304	36.913	1.60295495723281	0.0338365721966135
-111.4138	35.9542	3.62529068330896	0.0303320640415626
-111.4026	35.8519	2.69059467670134	0.00603887501716139
-111.3551	35.7169	3.54694760055382	0.0147292530669283
-111.5452	35.3981	2.32668680761244	0.01950979682065
-111.7035	36.7819	NA	NA
-111.6518	36.8667	NA	NA
-111.3493	35.8403	4.87878313294194	0.0223367398828756
-111.384	35.8819	4.53529679870505	0.0288077357234102
-111.3951	35.8794	4.47459511395152	0.0316958099347579
-111.441	35.9333	2.4869371311498	0.0135382106853032
-111.4174	35.7972	2.9059622892535	0.0231677913086592
-111.2963	35.7344	5.09904873710204	0.0253772734598729
-111.3007	35.7403	6.2720662607993	0.0302986816540689
-111.2788	35.6522	2.94549328528066	0.0341379647956607
-111.6166	36.8953	4.77520612501728	0.0121769452429828
-111.6271	36.9075	1.91346268832335	0.0317729675722016
-111.3499	35.6522	2.43007459947623	0.0328763383214294
-111.2968	35.7392	5.40510026451839	0.0304469029113345
-111.7243	36.8042	1.24739500450056	0.0113827147237684
-111.5938	36.8819	1.74974699542504	0.0208669151772956
-111.7118	36.7903	NA	NA
-111.7841	36.7361	NA	NA
-111.1368	36.1492	2.24952414111128	0.00834365576535465
-111.4035	35.75	3.06788890711486	0.0304798814073514
-111.4576	35.7931	2.89407009928603	0.0284680322476917
-111.396	36.9514	1.12388216962655	0.0294676099744968
-111.3771	35.9936	3.11421368385159	0.0259987446515325
-111.5965	36.868	2.46637925906648	0.0305466589757373
-111.8771	36.6847	1.60996558542784	0.0188381006112972
-111.3065	35.7242	3.98470148629935	0.00416601138586317
-111.3663	35.8903	4.22262551083577	0.0132326565571401
-111.3771	35.8697	4.58361768552647	0.0345075021178383
-110.234	36.95	1.82879937573978	0.0188451310494999
-110.4174	36.8889	3.09098573523258	0.0160077528069696
-110.0562	35.4028	2.56126230620576	0.0152320051366921
-110.0582	36.7422	2.44735602962827	0.0309705274681478
-110.291	36.9028	NA	NA
-110.0757	36.8625	1.75787619955079	0.0292322897717684
-110.4396	36.9944	2.58883049634575	0.0353953876081234
-110.291	36.9917	2.4298359250577	0.0295950795166034
-110.2076	36.9917	NA	NA
-110.0668	35.4736	4.15754650677605	0.0342602377641042
-110.0423	36.8944	1.11162814979783	0.00283160342138902
-110.209	35.8167	1.75976848531134	0.0275777996797566
-110.1118	36.9639	1.63682115588305	0.0331880050808585
-110.2321	36.9514	NA	NA
-110.2729	36.9603	NA	NA
-110.9229	35.5417	1.96810299069459	0.0109739252958906
-110.0862	35.507	3.6858684102076	0.0206304639456363
-110.2507	36.9028	2.33973128962904	0.0149310547545263
-110.6882	35.0897	2.93365227753355	0.0174395325013951
-110.6007	35.0189	2.60360191310236	0.0253202205988115
-110.1904	35.0192	6.02760668123032	0.00747137396231978
-110.3104	36.9611	NA	NA
-110.1326	35.3511	2.24066494858282	0.0295736595138401
-110.2924	36.9472	NA	NA
-110.4368	36.9625	1.6393162487662	0.0298545984567093
-110.3632	36.9625	1.87153613632536	0.031581164097239
-110.2554	36.9486	2.18387173474777	0.018623069665625
-110.2715	36.875	NA	NA
-109.9187	35.5072	4.16197389225669	0.0271191222042407
-110.6979	35.0767	2.43809288621465	0.024246790551796
-110.2187	36.9625	NA	NA
-109.8887	35.0189	4.6216167487217	0.0129818972952299
-110.509	35.1195	NA	NA
-110.0479	35.5111	6.29685624301135	0.0131399485877356
-108.1503	35.1967	3.43490567450941	0.00420941242984684
-108.5951	35.6222	3.62987732520567	0.0695437116307451
-108.139	35.5228	2.91910662362191	0.0341190892043432
-108.6923	35.55	NA	NA
-108.1501	35.6764	1.68385633751519	0.0896434937013782
-108.0398	35.4295	NA	NA
-108.0565	35.3406	NA	NA
-108.0542	35.4261	NA	NA
-108.1834	35.4472	1.81591992982275	0.0320157233434316
-108.1773	35.4364	1.64940184421651	0.0387970161244273
-108.1959	35.4403	1.70129073775997	0.0381199697095291
-108.1934	35.4459	1.79467961231202	0.0335967672064052
-108.1981	35.437	1.63238125407107	0.0388915606243574
-108.0081	35.4259	1.92448817256053	0.0322920120735714
-108.0287	35.4311	NA	NA
-108.6479	35.4056	2.97056936255988	0.0221011163322984
-108.7176	35.5539	5.91575888429169	0.0192731712463378
-108.0009	35.4167	NA	NA
-108.0009	35.4167	NA	NA
-108.0009	35.4167	NA	NA
-108.5526	35.6284	3.72187796949574	0.0798357955378865
-108.0431	35.4281	NA	NA
-108.7098	35.5911	NA	NA
-108.5273	35.6775	2.66106122984478	0.0815772933033999
-108.0256	35.4859	2.80918566680691	0.0276086272904095
-108.6445	35.487	NA	NA
-108.6445	35.487	NA	NA
-108.0167	35.4906	2.94315564292646	0.0255963297098681
-108.8443	35.7395	2.17175586687025	0.0330086989190492
-108.0659	35.8347	2.55767101230084	0.0344861215736007
-108.5212	35.5736	2.57206297664401	0.0311193189767212
-108.3301	35.4156	1.21650034568774	0.00366427760440094
-108.5251	35.6595	3.11405431379546	0.0921655147274733
-108.5204	35.5592	NA	NA
-108.5204	35.5592	NA	NA
-108.5381	35.5597	1.90027600863126	0.0252992709656552
-108.5262	35.5559	1.67333773919372	0.0181690464515414
-108.0087	35.472	3.30061144071964	0.0237712611140628
-108.5348	35.6289	3.94068864482406	0.0783073125054265
-108.1606	35.5361	3.9500395986383	0.0268009916350005
-108.1626	35.5289	3.36150586157112	0.0340864525347914
-108.6134	35.6225	3.40745816780577	0.0666825552743107
-108.5451	35.6156	4.13154428713009	0.0617324284648384
-108.5429	35.6228	3.91944341225654	0.0711617512752097
-108.5606	35.617	3.94660347254342	0.0666958324238649
-108.5784	35.6145	3.77047108118602	0.06089697088154
-108.5781	35.6209	3.70984997851666	0.0689758893056022
-108.5567	35.6025	3.52042638579214	0.0327478251487026
-108.0148	35.4267	2.37068206929219	0.0319436569436893
-108.2203	35.5167	2.30466464480759	0.0289701860308009
-108.2262	35.5206	2.42445013384443	0.0309475984507324
-108.519	35.6025	4.3165606414301	0.0309816921574052
-108.0717	35.5203	3.07752508080575	0.0321291638477822
-108.5873	35.6061	3.84720003976265	0.0407164531981921
-108.1667	35.502	2.20707758294568	0.00277301396562836
-108.0151	35.4136	NA	NA
-108.0478	35.7497	3.16469824388363	0.0136547454722565
-108.6062	35.5709	3.73061882454547	0.0334426700807265
-108.0915	35.4622	2.01602660367406	0.000602759167583505
-108.094	35.4597	1.66426846673401	0.0067927347786094
-108.089	35.46	3.5221157594332	0.00582137562557184
-108.0156	35.4123	NA	NA
-108.5065	35.6509	3.5665920548804	0.0783616702748848
-108.1248	35.5775	2.19732130480822	0.030335049303205
-108.0962	35.4575	1.77521161777402	0.0123942872268045
-108.0223	35.4439	3.23349851817902	0.0318706215009542
-108.6692	35.4867	NA	NA
-108.0353	35.4781	3.17531905034799	0.0200199143196527
-108.4995	35.5561	NA	NA
-108.0262	35.3409	NA	NA
-108.0078	35.4134	1.14913611999211	0.00661755316083008
-108.6754	35.1242	3.88052691839298	0.0196839670222935
-108.524	35.3323	1.86015293696241	0.0165586376920322
-108.1148	35.617	2.09523989289114	0.0588760057076286
-108.582	35.5331	1.83217197331129	0.029286096820404
-108.9051	36.6997	2.03059659834685	0.0321666210224904
-109.0129	36.3797	2.71476741799735	0.0279402486071721
-109.0334	36.5831	2.26334234361706	0.00445380772970829
-109.0507	36.5833	2.30532438173832	0.00391298712725356
-109.0507	36.6833	3.03348752318051	0.0241420387347399
-109.042	36.6831	3.12461882992062	0.0233828628243382
-108.6831	36.7847	2.37168721772253	0.0243213610720981
-108.6831	36.7847	2.37168721772253	0.0243213610720981
-108.7006	36.775	2.5326348813541	0.0253190913247331
-109.0159	36.3914	2.39259751082657	0.0318746498517343
-109.0168	36.7972	1.60255140557512	0.0156650277203295
-109.0384	36.8244	NA	NA
-109.039	36.3647	3.38390701780206	0.0038724255849407
-108.922	36.7064	2.27627644845213	0.0319778895308001
-109.0165	36.3733	2.94541215253243	0.0170722634416391
-109.0068	36.7519	2.98917294226242	0.0216332709046223
-109.0157	36.4006	2.10121871040013	0.0201225308762788
-109.0115	36.6989	3.13826605134864	0.0321028921019742
-109.0157	36.4094	2.51568697370816	0.00145784504543822
-109.0304	36.7903	NA	NA
-109.0157	36.4006	2.10121871040013	0.0201225308762788
-109.0159	36.3914	2.39259751082657	0.0318746498517343
-109.014	36.5619	2.58263271475869	0.0336396354309927
-109.0054	36.8058	NA	NA
-109.0295	36.7342	NA	NA
-109.0268	36.4097	2.11045879453195	0.00200052084491958
-109.0157	36.4094	2.51568697370816	0.00145784504543822
-109.0193	36.6981	3.40942654345864	0.0324064113114073
-109.0257	36.4547	NA	NA
-109.0298	36.7253	4.19609267502655	0.0209439643648975
-108.7229	36.515	2.15689214096567	0.0257018053302237
-109.034	36.7083	5.41500797807308	0.01975375303906
-108.9068	36.7739	2.30823919003626	0.0149877710241943
-109.0257	36.5056	NA	NA
-109.0162	36.8153	NA	NA
-109.0257	36.5056	NA	NA
-109.0068	36.7519	2.98917294226242	0.0216332709046223
-109.0087	36.7158	4.30113440756155	0.00306533385351489
-109.0034	36.7061	3.07596076470895	0.0251520972743776
-108.6645	36.5367	2.51522471459362	0.00936562628058572
-108.6856	36.485	2.52274631648618	0.0153459580428133
-108.6873	36.4828	2.43043487025473	0.018220714271403
-108.6865	36.4833	2.46396695646166	0.0168907974548452
-109.027	36.8336	NA	NA
-109.0073	36.7339	2.76347148883791	0.0288448697941343
-109.0176	36.77	NA	NA
-109.0384	36.8244	NA	NA
-109.0157	36.8422	NA	NA
-110.3453	37.0073	2.14115534196791	0.0702733698479049
-110.2679	37.0303	2.72874208239725	0.0813502294081363
-110.2875	37.0027	NA	NA
-110.2886	36.9929	2.39278760288115	0.0321962103324204
-110.2889	36.9706	NA	NA
-110.2934	36.9468	2.5449044132163	0.0206148075659156
-110.2814	36.9439	2.75670144206269	0.0145764952529639
-110.2461	36.9527	NA	NA
-110.2578	36.929	NA	NA
-110.2545	36.9131	NA	NA
-110.2365	36.9002	NA	NA
-110.2208	36.9849	NA	NA
-110.2323	37.0105	2.06662891107175	0.0252361249499495
-110.2222	37.013	NA	NA
-110.2126	37.0144	NA	NA
-110.0971	36.9506	1.5759030742167	0.0284779371526329
-110.054	36.8781	1.5575255845468	0.0211736276541028
-110.3917	36.9471	1.30078784997288	0.0210284394238186
-109.8939	36.9191	3.89038308087713	0.0346672134382589
-109.89	36.9323	4.52916810702732	0.0151998367743564
-109.8498	36.9901	0.57968485347886	0.033397159678756
-109.8437	37.0007	0.556825808915344	0.0589035947487602
-109.7776	36.9503	1.16477683577358	0.0214704744936415
-110.5203	36.9532	2.69394215143706	0.0295571043287459
-109.0381	36.7276	NA	NA
-109.0336	36.717	8.65333436117649	0.00146153875545432
-109.0388	36.7004	3.94494483198862	0.0309302599107827
-109.0382	36.6966	3.74336002102983	0.0331302486050929
-109.0359	36.7195	NA	NA
-109.0256	36.7186	3.29264022607578	0.00550434932333183
-109.0256	36.7167	3.84385119727083	0.000395383493213331
-109.0369	36.7157	9.16033772217891	0.00198797364857911
-109.0207	36.7089	3.43854720409125	0.0189624324797177
-109.038	36.722	5.08062000159178	0.0144204618623008
-109.0335	36.7087	5.48000957769198	0.018977684859763
-109.0387	36.6878	3.32438120999626	0.029727785871498
-109.0382	36.6832	3.15143548389479	0.0233380484217302
-109.0423	36.7427	NA	NA
-109.0417	36.7413	NA	NA
-109.0412	36.7408	NA	NA
-109.0408	36.7403	2.98068368317774	0.0329360013285726
-109.0404	36.7395	NA	NA
-109.0354	36.7168	8.36638920162964	0.001163972623887
-109.0119	36.7006	3.18594873503863	0.0309366649890509
-109.0413	36.742	2.90386060319459	0.0320866633334373
-109.0341	36.7312	NA	NA
-109.0334	36.7308	3.85475447981675	0.0293132387716126
-109.0324	36.7313	3.79633293772778	0.0298264788392891
-109.0313	36.7307	NA	NA
-109.0313	36.7301	NA	NA
-109.0311	36.7296	NA	NA
-109.0224	36.7194	2.81017055417573	0.0074178495442659
-109.0208	36.7183	2.62241190446881	0.00444513503662404
-109.0203	36.7179	2.58353686847672	0.00335766714291007
-109.0366	36.7137	7.4995943202155	0.00733925347378061
-109.0372	36.7114	6.0722090370481	0.0129724431370564
-109.0264	36.7124	3.9348641456758	0.0110370330715935
-109.0265	36.7084	4.17303054688345	0.0197853270143273
-109.0339	36.7074	5.20523903838057	0.0214653019809828
-109.035	36.707	5.11398018132728	0.0221600060551573
-109.0278	36.6998	3.9454135686057	0.0314484557371792
-109.0271	36.6988	3.84848990185776	0.0321041103406771
-109.0249	36.701	3.82395963618169	0.0304642150222485
-109.018	36.7006	3.41035078617895	0.0308248738452327
-109.0162	36.7026	3.35526612951948	0.0289028780603598
-109.0102	36.6958	3.00983044081524	0.0330678540286234
-109.0106	36.695	2.99531236046186	0.0330368766502666
-109.0235	36.6991	3.65809378212063	0.0319043095788417
-109.0362	36.7468	2.86162300815338	0.0275893466299828
-109.0113	36.7002	3.16146714067249	0.0312724281325833
-109.0209	36.6798	2.38442643466024	0.015340017227896
-109.0234	36.7195	2.91991825261432	0.00773985441351426
-109.0423	36.7442	NA	NA
-109.0417	36.743	NA	NA
-109.0413	36.7426	2.87682562136711	0.0316855512386216
-109.0408	36.7422	2.9178948927333	0.0319731729669728
-109.0404	36.7416	NA	NA
-109.0354	36.7235	5.16168027405473	0.0175873128784964
-109.0119	36.7106	3.31261744396184	0.0156552685675975
-109.0362	36.7475	NA	NA
-109.0114	36.7103	3.31441579226446	0.0163171584197894
-109.0209	36.694	3.31005153371504	0.0329481907769579
-108.4633	36.8901	NA	NA
-108.4603	36.8441	NA	NA
-108.1919	36.9894	2.55541089607897	0.0281817477296496
-108.7585	36.2388	4.12599597098318	0.00377075815202113
-108.08	35.5382	2.30943002325324	0.0222674224072176
-108.1329	35.577	2.41892375155547	0.0308164991945299
-108.2919	35.4871	1.59366358770526	0.0298399300394241
-108.2955	35.6432	3.2623216221329	0.0792062512891131
-108.3292	35.6986	2.10896403956722	0.0554723775561675
-108.2975	35.7536	1.93148886299982	0.0248418597699968
-108.4279	35.599	1.67383200097182	0.0233384319501513
-108.8841	35.4971	3.20202860689201	0.00399259992393723
-108.5706	35.4128	1.65214568093515	0.00067426779413598
-108.1454	35.2058	3.21782268462029	0.0187439334421565
-108.1672	35.2107	2.99406365709102	0.0278695121614169
-108.1358	35.1837	2.67956185368518	0.0303606446616054
-108.3857	35.1919	0.896963044267747	0.012837293222726
-108.4147	35.1117	0.631562093602489	0.00616692101777492
-108.1245	36.7354	1.8846972615512	0.0319574302632735
-108.3815	36.8537	2.03605713411756	0.0116031045285861
-111.4241	35.9202	3.32028926877772	0.0328226263455464
-111.4016	35.9141	3.94200907488317	0.0330691952109461
-111.383	35.878	4.55787146671075	0.0329800840542356
-111.3766	35.8739	4.55385236482957	0.0349856547860517
-111.3736	35.8752	4.518480950272	0.0345889381173013
-111.3728	35.8722	4.53859076942162	0.0350633023334728
-111.3973	35.8525	3.62314854101605	0.00738877104449372
-111.375	35.8116	2.48757492269579	0.010865100626036
-111.3334	35.8208	4.63016964514545	0.0208854459631476
-111.3654	35.7372	4.48092473246071	0.0294132711953347
-111.3273	35.7564	13.6866872315983	0.00942046867313836
-111.3246	35.7469	10.3381986879549	0.00234037086961904
-111.3241	35.7384	10.1556361173506	0.00045007067882353
-111.3257	35.7293	6.80746953066683	0.00299493264718415
-111.3252	35.7249	5.55586806670835	0.00112189007933246
-111.3057	35.7365	7.07669582556045	0.0258109953460373
-111.2998	35.7386	6.02958455106043	0.0294204650423217
-111.2976	35.7367	5.49176458579678	0.028074453907042
-111.2954	35.7323	4.73328580021261	0.0221708709551901
-111.2999	35.734	5.87784694355114	0.0244031790885568
-111.3098	35.7221	1.5042108459232	0.00174525772732558
-111.2937	35.7139	2.99978451572264	0.0208590050568546
-111.3342	35.7155	5.6527896488131	0.0138797110920958
-110.1313	35.3528	2.23644340219491	0.0272957066926943
-110.0344	35.4703	6.68754366844603	0.0149898317007784
-110.0416	35.4723	6.27824108163863	0.00256477078411969
-110.0903	35.4725	3.2624291158659	0.0358006327277944
-110.234	35.5415	2.95826821864546	0.000938371295439123
-110.2909	35.5502	2.64605524116778	0.0203433948005768
-110.2893	35.587	7.18095561945422	0.00149493557773673
-110.2861	35.5054	2.83298533650759	0.0151729002608604
-110.2805	35.5196	2.23707564705921	0.0317808014142002
-110.2886	35.5347	2.22040173105365	0.0175974512739014
-110.3127	35.5363	2.05712612572043	0.0146236525128189
-110.3239	35.5338	2.58175260831148	0.0200073732520266
-110.3627	35.5297	2.3341457392912	0.0269612939204736
-110.3307	35.4849	2.56708957561438	0.0308126087140976
-110.3788	35.4599	2.15189971531497	0.00808012199863404
-110.3587	35.4009	2.77591416979132	0.0235547024270058
-110.0456	35.5983	NA	NA
-110.1105	35.5755	NA	NA
-110.1316	35.5153	4.25413492480899	0.0310279444483495
-110.1015	35.5104	3.90448595615041	0.0260082904616751
-110.0926	35.4975	3.31185632212637	0.00257867806360232
-110.0428	35.4712	8.64937827360083	0.00585776099271302
-110.0383	35.5381	NA	NA
-109.9429	35.533	5.50310096403699	0.0126978010652739
-109.9135	35.5337	5.22793960594223	0.0132282564440396
-109.4675	35.8778	2.4005593222357	0.0266330818022169
-109.0604	35.7887	2.78709480175339	0.0247460604022262
-111.7177	36.7938	NA	NA
-111.9841	36.7456	1.23344305303534	0.0305085032260203
-111.9644	36.6879	2.40479788876654	0.0105630350016708
-111.451	36.6246	1.09270707316467	0.0210100022871601
-111.9703	36.3329	NA	NA
-111.4009	36.2647	2.44150650723865	0.0335998676321986
-111.4073	36.1661	8.01928143138784	0.0279173013942821
-111.4024	36.0989	7.73840714334799	0.0233825697346477
-111.4237	36.1016	7.37304894235067	0.0164768872615945
-110.239	36.9469	NA	NA
-110.2349	36.9423	NA	NA
-110.2539	36.8994	2.79802312690592	0.013842951732786
-110.2498	36.8754	2.52670005460735	0.0170392921523212
-110.2943	36.9932	NA	NA
-110.3074	36.9645	2.43328965458492	0.0306710965711821
-110.29	36.9634	NA	NA
-110.3001	36.9498	2.28863952265736	0.0256740150842966
-110.3126	36.9595	NA	NA
-110.2985	36.9382	1.8	1.24002152990796e-27
-110.2878	36.9381	2.18202340294633	0.000415345413405792
-110.3057	36.9143	2.20150733203031	0.034183600603129
-110.4212	36.8815	NA	NA
-110.518	36.9423	2.57928503376707	0.0113245342049962
-109.847	36.3814	2.58490882433331	0.02872793980299
-109.8345	36.3103	3.02859845247054	0.0277764158995837
-109.9464	36.2405	NA	NA
-109.9067	36.2406	4.32122017443872	0.00939045374168987
-109.9063	36.2314	NA	NA
-109.8857	36.2277	4.13634087599787	0.0220034782864643
-109.8766	36.2141	3.66895489469671	0.0339396214930575
-109.8432	36.2245	3.19197594252095	0.0271274256394532
-109.4997	36.2051	3.03027169527924	0.0260262266116165
-108.836	36.6878	2.92533597180409	0.0246784276816435
-108.5958	36.9956	1.11213472202105	0.0356282957815938
-108.5934	36.9776	1.6217159390972	0.0115394674475372
-108.5209	36.9767	2.36481535777074	0.00553695540832716
-108.491	36.9516	NA	NA
-108.4687	36.9538	NA	NA
-108.5132	36.9278	NA	NA
-108.512	36.9045	NA	NA
-108.4882	36.8999	NA	NA
-108.4643	36.8614	NA	NA
-108.5151	36.8391	NA	NA
-108.5139	36.819	NA	NA
-108.5137	36.7788	2.02145184409926	0.0327784928657825
-108.5806	36.7375	2.43195884762899	0.0285625562587424
-108.6051	36.6353	2.08078251588922	0.0033886232911409
-108.5287	36.6379	1.59134147258463	0.0130332189918251
-108.2511	36.9176	2.5937903211257	0.024623105054856
-108.8359	36.6885	2.88920975026953	0.0257901495975171
-108.8104	36.3304	2.43336998217983	0.0240027755074481
-108.7613	36.2688	3.10098041816841	0.023120360853391
-108.7898	36.2409	4.00579439585626	0.00961826218930983
-111.4119	35.9507	3.46866334311889	0.0262737312958402
-111.409	35.9451	3.18538540698843	0.0161651447077838
-111.4	35.939	4.03844093097987	0.000713565501827615
-111.4399	35.9293	2.62455332379567	0.0218904413214242
-111.4453	35.9289	2.55803473978442	0.0225638379120928
-111.4483	35.9268	2.56984566589255	0.0259896469134297
-111.4446	35.9243	2.66763882945292	0.0293150283721939
-111.4373	35.9215	2.87469946849681	0.0319647703732105
-111.4325	35.9197	3.05270668747724	0.0330364270614804
-111.4129	35.9234	3.41737071098978	0.030468571783744
-111.3971	35.9043	4.32692939603595	0.0216080420181152
-111.3991	35.9011	4.52134698383897	0.015081027987628
-111.4169	35.8915	3.7926030106528	0.00991275489141618
-111.4256	35.8741	3.43420626662593	0.0349416420047448
-111.3904	35.8776	4.5649933179686	0.0332799140467455
-111.3871	35.8778	4.58551492761701	0.0331352677505643
-111.3919	35.8754	4.53842452078883	0.0345551520129731
-111.3893	35.8715	4.64122820817224	0.0350792054299805
-111.3772	35.8706	4.57771442584442	0.0348292014359583
-111.369	35.8661	4.50222414254299	0.0319169004356919
-111.3702	35.8602	4.21358843948156	0.0239927718968976
-111.3682	35.8576	4.11757217638739	0.0190110303973008
-111.4442	35.8334	2.24780638425145	0.0309277622535262
-111.3525	35.8381	4.68393861150897	0.0258002109074333
-111.3676	35.8182	3.11045014609027	0.0241722494426364
-111.3794	35.8167	2.89912002903293	0.0217312951397597
-111.3753	35.8167	2.80213977517435	0.021702734913069
-111.4107	35.7929	3.2492212130186	0.0290241634026382
-111.3601	35.7942	4.06186235220644	0.0277000662061733
-111.3612	35.789	4.04882546501221	0.0317040823680493
-111.3448	35.7787	3.44405714825555	0.0256772870807653
-111.3507	35.7767	3.71076845290473	0.0237921049987609
-111.2804	35.7685	1.19957369992922	0.00606145365085817
-111.3083	35.7593	5.39660652898178	0.0158177941909186
-111.3596	35.7619	5.3524933983582	0.0105928386372277
-111.3663	35.7649	4.63813369155703	0.00257531089755862
-111.3675	35.7691	4.7913774064055	0.00885915481398086
-111.3792	35.7578	4.64644239674949	0.0193580757418453
-111.3894	35.7509	3.54380722231402	0.0297375420218512
-111.328	35.7528	16.5748063193639	0.0109877894461054
-111.3062	35.7203	4.0373265658367	0.00649398033075056
-111.3081	35.7152	3.14103693478932	0.0172840232689484
-111.3003	35.714	3.93408733158643	0.0203452926576961
-111.3151	35.7068	2.93862136006305	0.0211497636337834
-111.3531	35.7157	3.49079981931468	0.0172143100425343
-111.3696	35.7129	3.04784713254096	0.0227884801373942
-111.3074	35.6779	3.91320493722897	0.00443115897755425
-111.3075	35.671	4.16266414698743	0.0192931042045181
-111.3023	35.6689	3.99148656518225	0.0235597943389082
-111.3476	35.6485	2.46462885244559	0.0296543413834859
-111.2853	35.6544	2.90495133295836	0.0350873133827358
-111.2794	35.6505	3.00886172185393	0.0328857435892534
-111.2782	35.6463	3.24437656716638	0.0280441779142252
-111.2759	35.6402	3.61683540115142	0.0168808601959714
-111.2873	35.6413	2.96974554288276	0.019582887576477
-111.2946	35.643	2.82936378792921	0.0228754050555027
-111.2976	35.6408	2.77774985602651	0.0187023158319591
-111.2991	35.6459	2.93518933885055	0.0271158478949404
-111.3024	35.6495	3.15638245469089	0.0303496400661186
-111.2089	35.555	3.03018329968943	0.0190783474467279
-111.1849	35.5312	2.94329238626279	0.0323993795755053
-111.1732	35.53	2.80359667461205	0.0334888524972449
-111.7551	35.5323	2.08037835673403	0.0146176882550251
-110.6852	35.0881	3.00828011738849	0.0113874185184857
-110.5955	35.017	2.76453748391477	0.0302392200157048
-110.5568	35.0937	1.59723487503629	0.0330046039784815
-110.5059	35.1187	NA	NA
-110.3449	35.0332	3.19114622679159	0.0222654094510882
-110.3256	35.0059	2.74864737816997	0.0451170883771494
-110.1893	35.016	5.02954717693732	0.0158826810666215
-110.1723	35.027	2.67016317059644	0.0137567692272015
-110.3399	35.307	NA	NA
-110.2744	35.2994	2.04235924018504	0.0300401956929614
-110.2264	35.3165	1.84797460761942	0.0146703567904004
-110.0923	35.3295	1.86277458291631	0.025581237478115
-110.1179	35.3414	2.26281753666733	0.0356845386096234
-110.1097	35.3629	2.33601825529846	0.00760409389443849
-110.1115	35.3713	1.712570917103	0.0145544705554264
-110.1172	35.3832	1.70930187096574	0.0324313414033906
-110.1377	35.3705	1.47765460715431	0.0142964920030251
-110.1349	35.3893	1.80197814327347	0.0338185267878914
-110.1305	35.4059	2.552489324533	0.00870762206625211
-110.1983	35.3972	2.37777425050467	0.0284933101685176
-110.1722	35.3911	2.24344479807016	0.0341237982334063
-110.1454	35.4225	2.74951755816265	0.0280615043698751
-110.1197	35.4237	2.503781582669	0.0297973111165265
-110.0563	35.3786	1.78461569835236	0.0238267890223302
-110.056	35.3949	2.47123440774136	0.0259767483497894
-110.0569	35.4236	2.51132704114057	0.0259016172050355
-110.0236	35.4564	2.98141741525294	0.0142729234848927
-110.2616	35.5404	3.1902422207962	0.00305001912124963
-110.331	35.5328	2.81383090647626	0.0219296511993477
-110.3528	35.5138	2.62957606988281	0.027584072427991
-110.3461	35.5005	2.06678474339772	0.00030259373554032
-110.3307	35.4919	2.77207885765497	0.0202622402175529
-110.3619	35.454	2.80256550218965	0.00703895442713204
-110.3921	35.4686	1.5617537518188	0.0261992088812476
-110.1417	35.6235	5.1410733348565	0.000533041291706752
-110.1226	35.6267	NA	NA
-110.1196	35.6134	NA	NA
-110.0947	35.5681	4.04165651287149	0.0300677997760483
-110.1181	35.5379	6.06676636379	0.00606000339273636
-110.1417	35.4922	2.31209882464707	0.0160904580944715
-110.1139	35.4905	6.14159876794074	0.0197274332312815
-110.112	35.5005	5.97575358537847	0.00553630333664713
-110.0742	35.5123	3.93121772965819	0.0282589817999939
-110.0913	35.4733	3.2807599296966	0.0360129620482249
-110.0238	35.4557	2.89209143375176	0.0128379052509664
-110.008	35.5042	2.91330005523808	0.0161420131906969
-109.9094	35.0197	4.28296569962995	0.0150362238344138
-109.874	35.1066	3.74676927672959	0.0154864419936719
-109.9267	35.318	3.66659367785113	0.00281911134508035
-109.9723	35.4023	2.75671774141582	0.0121855187483294
-109.978	35.4277	3.18270523569964	0.0305448573976914
-109.9972	35.4765	3.62233145450659	0.0323791034326101
-109.9755	35.5277	4.27341157533277	0.021729231429534
-109.9667	35.5277	4.99751680540091	0.0183247526944547
-109.9619	35.5437	4.65099054900025	0.0100180274731736
-109.9226	35.5419	4.5077364433492	0.00863698086449685
-109.8423	35.558	4.45693509925547	0.0339775633207715
-109.9752	35.628	NA	NA
-109.3606	35.9919	2.39702373620947	0.0283370468766218
-109.3729	35.9629	3.2735834192997	0.0304403358147686
-109.3616	35.9484	2.95563274818196	0.0326711256789157
-109.4494	35.8775	3.17902192530874	0.0266360007539051
-109.3131	35.9211	3.06472662737716	0.0190205543040508
-109.3032	35.9154	2.8387326307003	0.0281079231283287
-109.3652	35.7878	2.54319323118805	0.0256994335492444
-111.6272	36.9153	1.6463776158177	0.033528241484601
-111.6272	36.8931	1.23674477116883	0.00604920573339542
-111.6144	36.8941	5.25988260320836	0.00936516076884042
-111.592	36.8965	1.19243890350232	0.0146237830057639
-111.6157	36.8731	2.61243986826929	0.0316490913133118
-111.5925	36.8813	1.67119849579854	0.0219334180489973
-111.7198	36.8086	0.377322363364827	0.00503657063275785
-111.7155	36.8033	NA	NA
-111.701	36.8092	NA	NA
-111.5958	36.7991	2.28779870643998	0.020580007712002
-111.7948	36.7241	4.10790447380022	0.00468655620102951
-111.7549	36.7508	NA	NA
-111.7328	36.7512	NA	NA
-111.6095	36.7623	3.44582445930903	0.0044640247912078
-111.6116	36.7544	2.16791737453414	0.0223925468271892
-111.5391	36.7639	1.45497553899238	0.00089011458172195
-111.8755	36.6832	1.74124215342044	0.0156059049147645
-111.6323	36.6768	0.943379622321325	0.00502603559431675
-111.6229	36.679	0.818912252370661	0.0106299302890108
-111.3796	36.016	3.53072536321412	0.0155081100434125
-111.4494	36.0483	7.92616006269187	0.0280213042541205
-111.4082	36.0722	7.99522614046786	0.0341191799722961
-111.4707	36.1457	7.0471234646324	0.0183892242397957
-111.4272	36.1189	5.97860006558562	0.0248448681600985
-111.4091	36.1197	7.29062793278602	0.0257844015714902
-111.4064	36.1175	7.23983161898581	0.0218324977680489
-111.4017	36.1028	7.67055895352398	0.0149163220332144
-111.9853	36.0207	2.88426755232801	0.0153726341284168
-111.6531	36.0109	3.06480848561737	0.02754439292587
-111.6391	36.0088	3.30618663880207	0.0308660849131965
-111.6183	36	3.15524810783191	0.0345003008628817
-110.2251	36.2472	NA	NA
-110.0522	36.7429	2.43002407993881	0.0272040277964069
-110.0751	36.858	1.84629539894229	0.0228134008985131
-110.0365	36.8892	0.987722287877693	0.00567827033926848
-110.1216	36.9679	1.60536872276387	0.0301384785989215
-110.2146	36.8985	1.37401674404188	0.014092925830022
-110.2153	36.9876	NA	NA
-110.2358	36.9827	NA	NA
-110.2653	36.8804	NA	NA
-110.3181	36.9179	NA	NA
-110.3861	36.9694	1.59382736239806	0.0232308534983951
-110.3973	36.9594	1.62878339908267	0.0320420289785003
-110.5089	36.9916	3.04940155673792	0.0312658281663509
-111.3587	36.1339	4.23826944329178	0.0321573771974667
-109.8484	36.9973	0.514643963348786	0.0509987851513478
-109.8653	36.9854	0.367810042735659	0.0221732830476677
-109.8626	36.9725	1.24250915551242	0.0122242455164685
-109.8747	36.9326	9.76939590977741	0.0149243507097618
-109.7857	36.9267	0.740017595126682	0.0255853238329073
-109.0605	36.5208	NA	NA
-109.9658	36.4625	NA	NA
-109.9301	36.4702	2.58309149329781	0.0297898443627675
-109.4473	36.4329	2.16866248119662	0.0357455041655478
-109.8575	36.3653	2.252666016579	0.00658028796266974
-109.8445	36.3075	2.76777472356496	0.030937804093285
-109.858	36.2982	2.86543317355706	0.0325971454468373
-109.8772	36.2835	NA	NA
-109.8974	36.2781	2.99260932840768	0.00500458836333065
-109.9355	36.2546	NA	NA
-109.916	36.2533	4.15491895763104	0.0307799658340545
-109.9138	36.2463	NA	NA
-109.8997	36.2457	5.15680504547062	0.0206684716457213
-109.8935	36.2488	4.56482213136856	0.0259675348473607
-109.8725	36.2237	3.6301933775203	0.028037980497968
-109.8865	36.2194	4.1247316044049	0.0326088960284159
-109.8859	36.2132	NA	NA
-109.8853	36.203	NA	NA
-109.8933	36.1962	NA	NA
-109.8708	36.1988	NA	NA
-109.8669	36.2115	3.41820192097056	0.0329574759852976
-109.8663	36.2176	3.45053314891131	0.0332906873176094
-109.4688	36.1829	3.32304509525129	0.0200071234718213
-109.4771	36.1758	3.44009346246678	0.0305998435491157
-109.4361	36.1773	2.94632953199078	0.028964799366253
-109.841	36.9153	1.88383089937368	0.0364938297527956
-109.3295	36.6667	NA	NA
-108.0994	35.3167	NA	NA
-108.1264	35.3223	NA	NA
-108.1275	35.3226	1.20471765415732	0.0171920152888893
-108.1137	35.3159	NA	NA
-108.1342	35.3196	1.25671733826087	0.0225267867728634
-108.1337	35.3189	1.27215960278134	0.0236002094957543
-108.1278	35.3223	1.20414088468716	0.017787578887258
-108.1177	35.312	1.11720013666187	0.0297998798339679
-108.0855	35.3141	NA	NA
-108.142	35.2927	2.22383618466765	0.00597853556548522
-108.1336	35.2975	2.25206954167397	0.01686049478262
-108.139	35.2834	2.63682921239054	0.0180271957907088
-108.1478	35.3158	1.67296050916043	0.0274109190410027
-108.157	35.3113	1.86820019034437	0.030264890411979
-108.1459	35.2914	1.76154040879695	0.00263891389025461
-108.1466	35.4057	1.02716510164342	0.0157741976192206
-108.1466	35.382	1.14097165819458	0.0238060494672092
-108.1447	35.3797	1.18727217067055	0.0198713652962202
-108.1454	35.3748	1.35869421657768	0.0091210760510332
-108.1445	35.377	NA	NA
-108.1209	35.3544	NA	NA
-108.1169	35.3502	1.21506264674661	0.0322770819624983
-108.1143	35.3457	1.22010029184357	0.030467564115021
-108.1279	35.3354	1.11280469536859	0.0147991153081501
-108.1331	35.3342	0.972338628576828	0.0120966844432528
-108.124	35.3355	NA	NA
-108.1045	35.3436	NA	NA
-108.1557	35.412	1.11428811567486	0.000622478509654985
-108.1559	35.4127	0.90540331220695	0.00204462002748722
-108.1646	35.4084	1.47388331751314	0.0094942026649376
-108.1828	35.4169	1.51196405957796	0.0136251714251078
-108.1886	35.4161	1.4643945892087	0.0118801130775243
-108.1846	35.4046	1.22730674144975	0.0174986506999265
-108.2147	35.417	1.0380540710933	0.0147896867870013
-108.2169	35.4164	0.926053922523411	0.0134358812338515
-108.215	35.4152	1.04258812158731	0.0104703673040093
-108.1745	35.4021	1.2978265462066	0.0224148447643103
-108.1717	35.3961	1.24496550547297	0.0297218404145083
-108.1734	35.393	1.23312435439271	0.0311729241938297
-108.1709	35.3934	1.22809201445244	0.031100945241313
-108.178	35.3967	1.24613422734121	0.0291517217863707
-108.1799	35.3957	1.22923504970778	0.0298771216983193
-108.1783	35.3947	1.23703736550639	0.0304923758730096
-108.1784	35.3922	1.23080525991423	0.0312415316646094
-108.1589	35.3916	1.12874291520177	0.0314364501695478
-108.15	35.3785	1.1509061783991	0.0175016101423083
-108.1584	35.374	0.722741458491367	0.00684961344662522
-108.1592	35.3745	0.799829971151903	0.00812758938880379
-108.1548	35.3798	1.02512288911309	0.0199743229163108
-108.1475	35.3831	1.12126410256861	0.0254147577253811
-108.1479	35.3839	1.11113402424046	0.0264712461977915
-108.1495	35.385	1.09639598680597	0.0277589924084066
-108.1696	35.3835	1.24005173907182	0.0258099637506251
-108.1786	35.3785	1.21038607442967	0.0173089676459907
-108.1661	35.3746	1.80288409118435	0.00836932070168464
-108.1719	35.3743	1.15341313231234	0.00760804690241866
-108.1911	35.3608	1.44731324434585	0.0242014765881057
-108.1596	35.3704	0.757497458954249	0.00312610426135916
-108.1538	35.3317	1.89336322302361	0.00605684113417548
-108.1857	35.4195	1.52273441139787	0.0195715543010877
-108.1827	35.4265	1.5635477732189	0.0317198385297329
-108.0493	36.6516	1.59786353591908	0.0311356001751782
-108.1884	35.4479	1.82938220448583	0.0310544458744296
-108.0544	35.4294	NA	NA
-108.6358	35.487	NA	NA
-108.6316	35.4817	NA	NA
-108.6503	35.5046	NA	NA
-108.0317	35.429	2.81422227822733	0.0248741932172121
-108.1677	35.5454	4.7108640773005	0.00762433387287153
-108.3033	35.5723	2.65211150518916	0.0310878967594016
-108.7021	35.5728	NA	NA
-108.0939	35.4589	1.83020297825383	0.00884932756828023
-108.7101	35.5901	NA	NA
-108.0092	35.3414	NA	NA
-108.5527	35.6222	3.81554251765293	0.0709412878951159
-108.0501	35.845	2.54781405713117	0.0198972646965004
-108.1604	35.6848	1.85626762610946	0.078417262906726
-108.1309	35.6804	1.85874152621434	0.0834620720744184
-108.3085	35.6681	2.5686990282361	0.087339322870958
-108.118	35.7947	2.58777956870001	0.0255185848451498
-108.0399	35.4295	2.44334247777652	0.0113037896924819
-108.046	35.4358	NA	NA
-108.0143	35.4138	NA	NA
-108.0876	35.4593	3.25811027806968	0.00765733972615242
-108.0121	35.4747	3.36167181272241	0.0272042125275165
-108.0426	35.4373	NA	NA
-108.0879	35.4592	3.26568259096247	0.00791760736805816
-108.0162	35.4189	2.43333286041993	0.0192548067918438
-107.9986	35.3625	NA	NA
-108.278	35.5471	1.52506842048736	0.00750619940092422
-108.1459	35.4395	1.7105105397003	0.0384078907316075
-108.2375	35.4624	1.12782379930511	0.00120991483749338
-108.2929	35.4779	1.31006741272782	0.0299845388842691
-108.0451	35.8685	2.58801707713652	0.0212872471730718
-108.2947	35.5653	2.40484606866359	0.0291498079355704
-108.3163	35.6732	2.52693636753288	0.086891399402416
-108.5483	35.568	2.25070803621223	0.032609531066827
-108.0263	35.4285	NA	NA
-107.9972	35.3736	NA	NA
-108.0351	35.4293	NA	NA
-108.6021	35.6087	4.18401993447812	0.045431723574875
-108.0553	35.8356	2.64541144293991	0.0305468465211673
-108.0353	35.4302	NA	NA
-108.0569	35.4269	NA	NA
-108.0125	35.4611	8.32159901292571	0.00177449591323768
-108.0162	35.4904	2.9605336441038	0.0259101443885355
-108.1627	35.4983	2.17281321236651	0.0122638587959552
-108.3017	35.7454	1.78337740764704	0.033056964091434
-108.1618	35.4306	1.53014482787268	0.0359614758612545
-108.5303	35.5575	NA	NA
-108.6413	35.0364	2.77614596024722	0.0296401949872495
-107.9983	35.3648	NA	NA
-108.0208	35.4431	NA	NA
-108.0412	35.4327	2.58966289314209	0.00849085162994526
-108.0034	35.2979	NA	NA
-108.0324	35.4697	3.33835891489793	0.0166382299878935
-108.0186	35.4227	NA	NA
-108.0367	35.4258	2.67835698111534	0.0168825407191901
-108.0241	35.4623	3.84572122769619	0.00152661758365589
-108.433	35.4768	NA	NA
-108.0715	35.5204	3.07574834130697	0.0321661836890753
-108.06	35.5151	3.32698195481691	0.0244798527430751
-108.184	35.5511	2.81250730459906	0.00790420660344088
-108.1599	35.5359	3.89762020648559	0.0270947368914677
-108.163	35.5286	3.33650151864763	0.0342306467602073
-108.3016	35.5649	2.31227627580764	0.0285064225421203
-108.5203	35.5331	NA	NA
-108.1268	35.5737	2.26556730729424	0.0334919663683298
-108.2378	35.6375	3.06362396298612	0.0285254574697644
-108.1837	35.6172	1.74542558646209	0.058684818757724
-108.1908	35.5816	2.23193441908214	0.024946061438952
-108.2985	35.6448	3.19515045394553	0.0820102930057055
-108.5444	35.6217	3.84773678628939	0.0696628607020078
-108.5605	35.6206	4.03386245051326	0.0745718954941052
-108.1384	35.8298	2.72897643519722	0.0361261585470967
-108.5799	35.6229	3.60137289558438	0.0719115221349392
-108.5156	35.6069	4.30184886082918	0.0401573235910847
-108.503	35.609	3.95935131497685	0.0417072444647577
-108.5939	35.6141	4.029716390837	0.0580833695986318
-108.5939	35.6139	4.03639220295291	0.057660253296295
-108.6733	35.5782	NA	NA
-108.1763	35.4507	1.88184143356023	0.0266731043179598
-108.5398	35.5561	1.76359154275936	0.0190813277996663
-108.0159	35.4256	NA	NA
-108.8708	35.4816	2.61072278607151	0.0251868854696639
-108.1705	35.454	1.84694124408017	0.0203754749809108
-108.8758	35.315	2.03177617945371	0.0210706640070877
-108.1501	35.2058	3.21721198837619	0.0188628005261003
-108.1337	35.1847	2.64314689008141	0.0291480704974576
-108.1693	35.2078	3.07040719968911	0.0232102975278941
-108.3895	35.1694	1.64749513542478	0.0310496192111587
-108.3946	35.1009	1.34514693345691	0.020013364187037
-108.1524	35.2003	2.99780138413891	0.00586034344301059
-108.1417	35.2016	3.08875110513453	0.0089303950737989
-108.1263	35.1755	2.39188712082099	0.0352924850778653
-108.0641	35.8304	2.65878368277207	0.0350567962331275
-108.6426	35.4918	NA	NA
-108.5951	35.5783	3.54859994894739	0.0267486340550975
-108.2069	35.657	2.20746457559329	0.079312514195384
-108.2357	35.6642	2.72045579218765	0.0356469855985723
-108.2916	35.7061	2.4403279551177	0.0367579803102113
-108.691	35.546	NA	NA
-108.2301	35.5221	2.48006945941728	0.0297224174912232
-108.2268	35.7175	2.13890876328613	0.0120679423705863
-108.2205	35.7067	1.94609130891188	0.0344445776605694
-108.265	35.6785	4.07269117011773	0.0355243517538101
-108.6124	35.6494	2.51938081624308	0.0913064483575021
-108.5027	35.6665	3.26175301892764	0.0730561349220285
-108.5262	35.6766	2.81944406858334	0.0820831108958679
-108.5487	35.6976	2.06833636666949	0.0568902189381112
-108.5085	35.6584	3.45599592699677	0.0805832126108904
-108.2852	35.4914	2.38160972673591	0.0247416455687558
-108.4339	35.6007	1.60972232272859	0.0262592265220232
-108.265	35.5432	2.17379123107365	0.0151006056176309
-108.5898	35.6163	4.01234971182501	0.0634963443834795
-108.5839	35.5906	3.07341787287807	0.00123284367703132
-108.5676	35.5656	2.24671781677741	0.0321309678419521
-108.506	35.5558	NA	NA
-108.5238	36.6266	2.01201148282706	0.0159754402584255
-108.2576	36.8923	2.08803465524975	0.000788621420895197
-108.1186	35.6764	1.92664150082041	0.085758597796378
-108.181	35.5025	2.26894124370538	0.00112949327932655
-108.2533	35.5328	3.82201296316252	0.013296299791533
-108.526	35.5556	NA	NA
-108.1598	35.5063	2.09016247714891	0.00889925776429926
-108.2037	35.5068	1.88558230759554	0.0110959834534843
-108.2234	35.5186	2.36284596502899	0.0303559213692626
-108.4983	35.5543	NA	NA
-108.514	35.6078	4.27987407954316	0.0417468984758691
-108.5188	35.6514	3.445497056841	0.088402154101086
-108.6499	35.5029	NA	NA
-108.4732	35.6573	3.41397380048063	0.0229570028737628
-108.5461	35.565	2.09533805506569	0.0312757066379555
-108.5472	35.5657	2.14202504415078	0.0317288448598681
-108.5659	35.5669	2.23280040096269	0.0326751728263805
-108.5839	35.5909	3.03637154381988	0.00204587122180567
-108.5862	35.6062	3.84575127854221	0.0410087134853571
-108.2288	35.5182	2.3257268072456	0.0283775756392012
-108.612	35.6205	3.50695477958675	0.06434558338649
-108.2984	35.6448	3.19654034561562	0.0819424038488171
-108.5805	35.6289	3.60787365723905	0.0804308673996102
-108.5335	35.6423	3.83940558445968	0.0903436442111085
-108.5784	35.6336	3.49730106913964	0.0863084742070691
-108.5514	35.6256	3.80082642908795	0.0759062132489908
-108.5517	35.6253	3.68944066455224	0.0754967545735888
-108.5322	35.6284	4.00306467739558	0.0771845821217295
-108.5833	35.6264	3.46228168301785	0.0768309863818239
-108.2465	35.5276	3.34540997800445	0.004504868402464
-108.5787	35.6201	3.73050920045134	0.0736446333484592
-108.5786	35.6111	3.74520191257613	0.0529831986458668
-108.5781	35.6035	3.5453971645027	0.0348032332831928
-108.5381	35.6315	3.97114502811358	0.0819373970646613
-109.0248	36.7102	3.80145761574042	0.0161393133081321
-109.0228	36.7093	3.59413286445747	0.0180969711504851
-109.0117	36.7004	3.17818369609471	0.0311032727351281
-108.0373	35.0918	2.29408038617035	0.0167443308476603
-108.5508	35.629	3.81489956696475	0.080488249479947
-108.6851	36.7719	2.74177556521479	0.0186403893383161
-109.0211	36.7901	NA	NA
-108.2783	35.6813	3.66798055542151	0.0561695235659016
-108.1677	35.6846	1.96723875674743	0.0781712406915047
-108.5506	35.6303	3.79819536603234	0.0821107631694527
-108.6059	35.5725	NA	NA
-108.5862	35.6062	3.84575127854221	0.0410087134853571
-108.2192	35.7296	1.64868886099581	0.0184288700661781
-109.0233	36.7687	1.55083461084238	0.0201450818079627
-109.0073	36.7977	NA	NA
-108.4708	36.8834	NA	NA
-108.451	36.8677	NA	NA
-108.458	36.8699	NA	NA
-108.4574	36.8659	NA	NA
-108.4589	36.8886	2.97863634649227	0.00740132634056471
-108.4926	36.8948	NA	NA
-108.5779	36.634	1.95426892402055	0.00133739339719851
-108.4045	36.8456	NA	NA
-108.4569	36.8428	NA	NA
-109.0364	36.7255	4.5420283765391	0.0215531098987715
-108.8333	36.6875	2.79627085790554	0.0238484156987212
-108.7774	36.4366	3.25573813762361	0.0336183077824947
-108.121	36.727	1.88369073716879	0.0225823824654261
-108.5457	36.772	2.40774888544831	0.0277865186906012
-108.5154	36.8263	NA	NA
-108.511	36.8993	NA	NA
-108.5111	36.9233	NA	NA
-108.5068	36.9298	NA	NA
-108.5303	36.9539	NA	NA
-108.5265	36.9512	NA	NA
-108.5517	36.9536	2.05148929783747	0.0279316381779379
-108.6149	36.9555	2.83698690241224	0.0307840104237566
-108.6142	36.9735	2.64154145950481	0.0218463104377389
-108.6151	36.958	2.80859651342549	0.0325612733791491
-108.6149	36.9641	2.68960986712231	0.032791687764636
-108.5296	36.8995	NA	NA
-108.5096	36.9113	NA	NA
-109.0086	36.7063	3.20544599794277	0.0240659519211303
-108.6858	36.7971	1.69298989690632	0.0188615091396448
-109.0219	36.436	NA	NA
-109.036	36.7813	NA	NA
-109.0012	36.406	2.38244705403875	0.00797839583626838
-109.0269	36.438	NA	NA
-108.185	36.9788	1.82448810823117	0.00122147651979622
-108.9972	36.4306	3.18826870139181	0.0342567975996476
-108.5591	36.9717	2.3303533794662	0.0208872154012812
-108.8694	36.2262	3.13176369535042	0.0219022205144855
-108.9902	36.4333	3.46950811831265	0.0338555070404114
-108.8953	36.2296	3.97798367248744	0.0139796771659151
-108.9289	36.257	3.1053061450623	0.0319288732216544
-108.8912	36.2573	2.91014825541281	0.010246274197912
-108.9143	36.3356	3.125911812328	0.0278635723612944
-109.0369	36.7196	NA	NA
-109.0344	36.7224	NA	NA
-109.0035	36.4136	2.5884627970457	0.0122863961866217
-109.0013	36.4142	2.65026716971104	0.0136342597108691
-109.0432	36.7579	NA	NA
-109.0418	36.7349	NA	NA
-109.0103	36.3959	2.26668390750068	0.0276541418576981
-109.042	36.4634	NA	NA
-108.5167	36.8097	3.72486876120465	0.0139824892152507
-108.9902	36.4097	2.62578675191649	0.00201398320550746
-109.0398	36.6997	3.81488086297442	0.0314946089156671
-109.0383	36.6964	3.72695339410292	0.0331852632430628
-109.0131	36.4294	NA	NA
-109.007	36.4305	2.99156757091896	0.0343231933037825
-109.0048	36.418	2.63893964589434	0.0216793157445218
-109.0024	36.4212	2.78097023695127	0.0269754109185865
-109.0195	36.4375	2.87785924433238	0.0314156638276596
-109.0445	36.7972	NA	NA
-109.0112	36.7168	3.40932093399625	0.000391648391684168
-109.0293	36.4418	NA	NA
-109.0225	36.4425	NA	NA
-109.0368	36.79	NA	NA
-109.0332	36.8067	2.56193635977581	0.00301572559224964
-109.0158	36.7114	3.20167622893074	0.0137675104873256
-109.0104	36.7333	2.90695287074308	0.0293066473549668
-109.0265	36.7094	4.1524367959624	0.0177768175781465
-109.0431	36.7684	NA	NA
-109.0363	36.7201	6.57956821795509	0.00984511314928465
-109.0391	36.7584	NA	NA
-109.0338	36.7323	NA	NA
-109.0373	36.7136	7.04942436506113	0.00757412091771615
-109.0671	36.7211	NA	NA
-109.0172	36.7103	3.24473398532267	0.0161580624630425
-109.018	36.8015	NA	NA
-109.0341	36.7916	1.86612060349246	0.0286672760550602
-109.0088	36.6695	1.40700885102314	0.0115736605265329
-109.0236	36.7249	3.2880655054247	0.0198920680786986
-109.0385	36.7348	3.34431400584349	0.0325927973448164
-108.898	36.4489	3.00919117380624	0.0103314250750731
-108.9985	36.418	2.78346782315897	0.0215874056086123
-109.0282	36.7197	3.90077602765059	0.00847346490588677
-109.0314	36.7177	5.04893872658699	0.00336168739568989
-109.0335	36.7161	8.76529532640063	0.00113691917346319
-109.0309	36.7167	4.06761168619542	0.000649358821817815
-108.8672	36.2279	3.13303015380317	0.0201293650297264
-109.0227	36.4343	2.66249232307315	0.0336681962915648
-108.9874	36.425	3.2003432476702	0.031347402627612
-108.9903	36.4278	3.25042722737485	0.0333715363367903
-109.0199	36.4325	NA	NA
-109.0082	36.4274	2.8514145429539	0.0333019010674829
-109	36.4092	2.19584134580792	0.000693505865714164
-108.9933	36.3967	2.37083435684651	0.0267149611049591
-109.0067	36.3945	2.32324909833246	0.0292953920602293
-109.0305	36.4413	NA	NA
-109.0355	36.744	3.01720112871396	0.0307275154318847
-109.0194	36.7078	3.42302725437266	0.0211030030194592
-109.0122	36.7003	3.18848788965882	0.0311617270639645
-109.041	36.6966	3.58049261477976	0.0331436368930523
-109.0364	36.8187	NA	NA
-109.0298	36.8187	NA	NA
-109.038	36.7255	NA	NA
-109.0374	36.7203	NA	NA
-109.0344	36.7354	NA	NA
-109.0152	36.3791	2.76629706124549	0.0271671270881393
-109.0254	36.7186	3.24223609498902	0.00549990682423957
-109.0255	36.7166	3.90001221502851	0.00036311253617783
